2026-05-14 22:35:49,910 INFO start time: 2026-05-14 22:35:49.910194

2026-05-14 22:35:49,910 INFO using version:v0.6.0
2026-05-14 22:35:49,910 INFO using options:{'m': 30, 'n': 30, 'pxl_tol': 10, 'cutoff': 100, 'img_edge_distance': 5, 'rough_match_threshhold': 36, 'sanity_check_centroids': True, 'experimental_background_subtract': False, 'workDir': '', 'workDir2': '', '-DARK-': '', '-FLAT-': '', 'database': '', 'flag_debug': False, 'flag_display2': False, 'flag_display': False, 'save_dark_flat': False, 'float_fits': False, 'd': 200, 'delete_saturated_blob': False, 'blob_saturation_level': 95, 'blob_radius_extra': 200, 'centroid_gap_blob': 100, 'centroid_gaussian_subtract': False, 'sensitive_mode_stack': True, 'centroid_gaussian_thresh': 4.0, 'min_area': 2, 'sigma_subtract': 0.0, 'background_subtraction_mode': 'annular', 'remove_edgy_centroids': True, 'output_dir': '/Users/jassim/Desktop/MEE 2024 Coronagraph/MEE2024_HussainKinder/MEE2024_outputs/zenith_calibration_tab1'}
2026-05-14 22:35:49,910 INFO stacking files:['/Users/jassim/Desktop/MEE 2024 Coronagraph/MEE2024_HussainKinder/MEE 2024 Sample Data/calibration/science/2024-04-08-0608_5-CapObj_0010.FIT', '/Users/jassim/Desktop/MEE 2024 Coronagraph/MEE2024_HussainKinder/MEE 2024 Sample Data/calibration/science/2024-04-08-0608_5-CapObj_0011.FIT', '/Users/jassim/Desktop/MEE 2024 Coronagraph/MEE2024_HussainKinder/MEE 2024 Sample Data/calibration/science/2024-04-08-0608_5-CapObj_0012.FIT', '/Users/jassim/Desktop/MEE 2024 Coronagraph/MEE2024_HussainKinder/MEE 2024 Sample Data/calibration/science/2024-04-08-0608_5-CapObj_0013.FIT', '/Users/jassim/Desktop/MEE 2024 Coronagraph/MEE2024_HussainKinder/MEE 2024 Sample Data/calibration/science/2024-04-08-0608_5-CapObj_0014.FIT', '/Users/jassim/Desktop/MEE 2024 Coronagraph/MEE2024_HussainKinder/MEE 2024 Sample Data/calibration/science/2024-04-08-0608_5-CapObj_0015.FIT', '/Users/jassim/Desktop/MEE 2024 Coronagraph/MEE2024_HussainKinder/MEE 2024 Sample Data/calibration/science/2024-04-08-0608_5-CapObj_0016.FIT', '/Users/jassim/Desktop/MEE 2024 Coronagraph/MEE2024_HussainKinder/MEE 2024 Sample Data/calibration/science/2024-04-08-0608_5-CapObj_0017.FIT', '/Users/jassim/Desktop/MEE 2024 Coronagraph/MEE2024_HussainKinder/MEE 2024 Sample Data/calibration/science/2024-04-08-0608_5-CapObj_0018.FIT', '/Users/jassim/Desktop/MEE 2024 Coronagraph/MEE2024_HussainKinder/MEE 2024 Sample Data/calibration/science/2024-04-08-0608_5-CapObj_0019.FIT']
2026-05-14 22:35:49,910 INFO using darks:['/Users/jassim/Desktop/MEE 2024 Coronagraph/MEE2024_HussainKinder/MEE 2024 Sample Data/calibration/dark/2024-04-08-0618_5-CapObj_0010.FIT', '/Users/jassim/Desktop/MEE 2024 Coronagraph/MEE2024_HussainKinder/MEE 2024 Sample Data/calibration/dark/2024-04-08-0618_5-CapObj_0011.FIT', '/Users/jassim/Desktop/MEE 2024 Coronagraph/MEE2024_HussainKinder/MEE 2024 Sample Data/calibration/dark/2024-04-08-0618_5-CapObj_0012.FIT', '/Users/jassim/Desktop/MEE 2024 Coronagraph/MEE2024_HussainKinder/MEE 2024 Sample Data/calibration/dark/2024-04-08-0618_5-CapObj_0013.FIT', '/Users/jassim/Desktop/MEE 2024 Coronagraph/MEE2024_HussainKinder/MEE 2024 Sample Data/calibration/dark/2024-04-08-0618_5-CapObj_0014.FIT', '/Users/jassim/Desktop/MEE 2024 Coronagraph/MEE2024_HussainKinder/MEE 2024 Sample Data/calibration/dark/2024-04-08-0618_5-CapObj_0015.FIT', '/Users/jassim/Desktop/MEE 2024 Coronagraph/MEE2024_HussainKinder/MEE 2024 Sample Data/calibration/dark/2024-04-08-0618_5-CapObj_0016.FIT', '/Users/jassim/Desktop/MEE 2024 Coronagraph/MEE2024_HussainKinder/MEE 2024 Sample Data/calibration/dark/2024-04-08-0618_5-CapObj_0017.FIT', '/Users/jassim/Desktop/MEE 2024 Coronagraph/MEE2024_HussainKinder/MEE 2024 Sample Data/calibration/dark/2024-04-08-0618_5-CapObj_0018.FIT', '/Users/jassim/Desktop/MEE 2024 Coronagraph/MEE2024_HussainKinder/MEE 2024 Sample Data/calibration/dark/2024-04-08-0618_5-CapObj_0019.FIT']
2026-05-14 22:35:49,910 INFO using flats:['/Users/jassim/Desktop/MEE 2024 Coronagraph/MEE2024_HussainKinder/MEE 2024 Sample Data/calibration/flat/2024-04-08-0628_3-CapObj_0010.FIT', '/Users/jassim/Desktop/MEE 2024 Coronagraph/MEE2024_HussainKinder/MEE 2024 Sample Data/calibration/flat/2024-04-08-0628_3-CapObj_0011.FIT', '/Users/jassim/Desktop/MEE 2024 Coronagraph/MEE2024_HussainKinder/MEE 2024 Sample Data/calibration/flat/2024-04-08-0628_3-CapObj_0012.FIT', '/Users/jassim/Desktop/MEE 2024 Coronagraph/MEE2024_HussainKinder/MEE 2024 Sample Data/calibration/flat/2024-04-08-0628_3-CapObj_0013.FIT', '/Users/jassim/Desktop/MEE 2024 Coronagraph/MEE2024_HussainKinder/MEE 2024 Sample Data/calibration/flat/2024-04-08-0628_3-CapObj_0014.FIT', '/Users/jassim/Desktop/MEE 2024 Coronagraph/MEE2024_HussainKinder/MEE 2024 Sample Data/calibration/flat/2024-04-08-0628_3-CapObj_0015.FIT', '/Users/jassim/Desktop/MEE 2024 Coronagraph/MEE2024_HussainKinder/MEE 2024 Sample Data/calibration/flat/2024-04-08-0628_3-CapObj_0016.FIT', '/Users/jassim/Desktop/MEE 2024 Coronagraph/MEE2024_HussainKinder/MEE 2024 Sample Data/calibration/flat/2024-04-08-0628_3-CapObj_0017.FIT', '/Users/jassim/Desktop/MEE 2024 Coronagraph/MEE2024_HussainKinder/MEE 2024 Sample Data/calibration/flat/2024-04-08-0628_3-CapObj_0018.FIT', '/Users/jassim/Desktop/MEE 2024 Coronagraph/MEE2024_HussainKinder/MEE 2024 Sample Data/calibration/flat/2024-04-08-0628_3-CapObj_0019.FIT']
2026-05-14 22:35:57,461 INFO image size:(6388, 9576)
2026-05-14 22:37:43,104 INFO saving 13104 centroid pixel coordinates
2026-05-14 22:37:45,891 INFO {'success': True, 'x': array([8.97255321e-06, 3.11124040e+00, 4.38089041e-01, 6.28878641e+00]), 'platescale/arcsec': np.float64(1.8507219491852418), 'ra': np.float64(178.2609440437495), 'dec': np.float64(25.100653099107124), 'roll': np.float64(180.32091954012142), 'matched_centroids': array([[3476.35950832,  907.59966505],
       [4010.99279625, 5830.13300256],
       [6262.15289525, 6237.27834182],
       [ 539.41572454, 2087.95280845],
       [1131.35427995,  663.54190289],
       [1905.13935463, 2245.75273258],
       [1934.1008808 , 9055.30643106],
       [1483.86875174, 8436.55155586],
       [3646.96075309, 9067.1586576 ],
       [3264.08680378, 7004.02546407],
       [2274.60070166, 7515.8607596 ],
       [2693.66562938, 9080.92032107],
       [3255.26946731, 1476.31329493],
       [3944.67861913, 6099.08695931],
       [4399.48891837, 8452.2558613 ],
       [ 869.30766076, 7466.92603941],
       [4473.4361959 , 5650.27459053],
       [ 944.05062519,   91.53918345],
       [ 680.78254297, 5455.75273746],
       [2688.59687512, 1633.01769079],
       [2929.28304762, 6925.20934443],
       [6365.1612908 , 4879.57367988],
       [4414.18650757, 4364.86490957],
       [5771.45559295, 2378.01791281],
       [5026.5517621 , 7892.62821033],
       [3223.92895663, 9496.02721085],
       [ 948.06937243, 7845.80014725],
       [1983.66607761, 2574.40126423],
       [ 280.26400997, 6529.04935653],
       [1232.7589118 , 1066.05062728],
       [2200.98857643, 6660.14705655],
       [2361.92967228, 7485.71818773],
       [ 357.50984969, 1432.35326307],
       [2970.5108648 , 6302.59524823],
       [1543.38168925, 2582.61797441],
       [ 381.47729375, 4703.90391198],
       [1411.9997418 , 9143.55873684],
       [2285.148304  , 1813.0268046 ],
       [1042.16107825, 1966.53495945],
       [  24.12088703, 6110.17795366],
       [3859.26143011, 4507.20321368],
       [4593.56226592, 6631.69876091],
       [5964.14798306, 7405.40223747],
       [ 738.44039166, 8382.09174691],
       [3094.55503587,  805.95455259],
       [ 624.61608263, 4701.53304145],
       [6135.26603522, 2707.14658483],
       [5778.38564534, 1701.42091224],
       [2016.80676677, 7029.28093384],
       [6149.48422791, 7919.10192739],
       [4530.46969252, 5534.99019304],
       [ 114.97917651, 6864.58178073],
       [4607.1844156 , 6855.3137377 ],
       [2491.41074738, 1852.81556706],
       [3658.11774971, 4044.87124502],
       [2392.55780601, 5262.45660113],
       [2653.13949417, 5463.0076537 ],
       [2438.20301013, 6448.91513837],
       [3747.03016949, 8229.57836218],
       [4774.53176671, 7935.86604023],
       [1857.76848312,  989.81147682],
       [1990.99916447, 4474.1990434 ],
       [1901.94911561, 7946.90003168],
       [2399.4648237 , 5725.9631463 ],
       [1994.76146134, 2653.85253917],
       [5714.54825597, 5272.95599155],
       [4159.31387111, 4868.52876054],
       [3857.6996526 , 6330.67189697],
       [1264.20946229,  721.77278363],
       [4952.62853275, 5783.42960373],
       [5794.14246328, 1067.4643958 ],
       [4339.34200703, 6200.9046674 ],
       [2380.91915226, 5266.78269797],
       [5298.69355316, 4607.38626562],
       [5774.93651078, 5067.63434724],
       [5730.96425299, 4846.92396274],
       [4854.13181336, 3869.7622872 ],
       [4658.96701877, 2514.28448926],
       [3938.90964152, 9357.84072991],
       [3380.23551176, 4072.00302502],
       [5587.40905566, 7049.79837728],
       [ 400.32676986,  479.81830181],
       [2559.07598749, 6199.19945119],
       [1442.72967996, 6496.63676657],
       [4353.96223317, 5242.06509389],
       [5419.64760575, 3260.7269055 ],
       [1818.82062632, 9100.91608669],
       [3632.86841266,  120.74673618],
       [4091.19454049, 1079.3172276 ],
       [3100.56788553, 3384.67579205],
       [5234.08014327, 7334.16364893],
       [2685.95807973, 4979.75425628],
       [ 551.16807228, 4179.97828837],
       [6095.60402829, 7269.02152088],
       [ 335.56999037, 8981.66539952],
       [1680.27697227, 6019.62583813],
       [ 788.38711917, 8388.21170388],
       [6296.85678721, 2632.7854823 ]]), 'matched_stars': array([[ 3.07273555e+00,  4.40143704e-01, -9.02546585e-01,
         6.22451529e-02,  4.26069468e-01,  6.01000023e+00],
       [ 3.12155128e+00,  4.45444852e-01, -9.02237892e-01,
         1.80845112e-02,  4.30859357e-01,  6.96999979e+00],
       [ 3.12562251e+00,  4.65649217e-01, -8.93416345e-01,
         1.42691992e-02,  4.49002981e-01,  6.80000019e+00],
       [ 3.08492756e+00,  4.14000720e-01, -9.14049327e-01,
         5.18501997e-02,  4.02275264e-01,  6.96999979e+00],
       [ 3.07083607e+00,  4.19057250e-01, -9.11187232e-01,
         6.45803064e-02,  4.06899452e-01,  7.40000010e+00],
       [ 3.08626962e+00,  4.26282376e-01, -9.09116209e-01,
         5.03464453e-02,  4.13488746e-01,  7.84000015e+00],
       [ 3.15337300e+00,  4.26657796e-01, -9.10290778e-01,
        -1.07240397e-02,  4.13830519e-01,  7.73999977e+00],
       [ 3.14723420e+00,  4.22680944e-01, -9.11977947e-01,
        -5.14502218e-03,  4.10206914e-01,  8.18999958e+00],
       [ 3.15369844e+00,  4.42021549e-01, -9.03822541e-01,
        -1.09420214e-02,  4.27767605e-01,  8.13000011e+00],
       [ 3.13318968e+00,  4.38737303e-01, -9.05256808e-01,
         7.60702975e-03,  4.24796700e-01,  8.27000046e+00],
       [ 3.13821006e+00,  4.29840982e-01, -9.09026861e-01,
         3.07488185e-03,  4.16726261e-01,  8.39000034e+00],
       [ 3.15371633e+00,  4.33469981e-01, -9.07447040e-01,
        -1.10021299e-02,  4.20022368e-01,  8.27999973e+00],
       [ 3.07842493e+00,  4.38265830e-01, -9.03683007e-01,
         5.71596436e-02,  4.24369842e-01,  8.42000008e+00],
       [ 3.12422395e+00,  4.44854081e-01, -9.02537286e-01,
         1.56774819e-02,  4.30326164e-01,  8.64000034e+00],
       [ 3.14766860e+00,  4.48836386e-01, -9.00936007e-01,
        -5.47410641e-03,  4.33917463e-01,  8.98999977e+00],
       [ 3.13765764e+00,  4.17234719e-01, -9.14205909e-01,
         3.59742902e-03,  4.05233949e-01,  9.06999969e+00],
       [ 3.11976576e+00,  4.49588090e-01, -9.00411665e-01,
         1.96563136e-02,  4.34594601e-01,  9.32999992e+00],
       [ 3.06526709e+00,  4.17258143e-01, -9.11541939e-01,
         6.97093681e-02,  4.05255377e-01,  9.05000019e+00],
       [ 3.11792469e+00,  4.15576190e-01, -9.14627612e-01,
         2.16514170e-02,  4.03717130e-01,  9.34000015e+00],
       [ 3.08008838e+00,  4.33216095e-01, -9.05904233e-01,
         5.57873473e-02,  4.19791967e-01,  9.90999985e+00],
       [ 3.13240051e+00,  4.35741186e-01, -9.06519115e-01,
         8.33308604e-03,  4.22082454e-01,  9.53999996e+00],
       [ 3.11198950e+00,  4.66538936e-01, -8.92739117e-01,
         2.64356174e-02,  4.49797809e-01,  9.78999996e+00],
       [ 3.10696697e+00,  4.49004650e-01, -9.00339663e-01,
         3.11873406e-02,  4.34069067e-01,  9.51000023e+00],
       [ 3.08695126e+00,  4.60983157e-01, -8.94278944e-01,
         4.89133410e-02,  4.44828868e-01,  9.43000031e+00],
       [ 3.14214444e+00,  4.54502523e-01, -8.98479342e-01,
        -4.95770248e-04,  4.39015388e-01,  9.27000046e+00],
       [ 3.15789342e+00,  4.38177288e-01, -9.05406237e-01,
        -1.47601217e-02,  4.24289644e-01,  9.40999985e+00],
       [ 3.14138675e+00,  4.17917699e-01, -9.13936019e-01,
         1.88185120e-04,  4.05858248e-01,  9.43000031e+00],
       [ 3.08950114e+00,  4.27035570e-01, -9.08962905e-01,
         4.73921262e-02,  4.14174408e-01,  9.55000019e+00],
       [ 3.12844539e+00,  4.11987126e-01, -9.16247725e-01,
         1.20468475e-02,  4.00430977e-01,  9.38000011e+00],
       [ 3.07476926e+00,  4.20050561e-01, -9.11030471e-01,
         6.09689243e-02,  4.07806635e-01,  9.72999954e+00],
       [ 3.12975740e+00,  4.29211974e-01, -9.09230292e-01,
         1.07614687e-02,  4.16154385e-01,  9.56000042e+00],
       [ 3.13790655e+00,  4.30634230e-01, -9.08694983e-01,
         3.34955798e-03,  4.17447209e-01,  1.01300001e+01],
       [ 3.07853818e+00,  4.12254304e-01, -9.14399087e-01,
         5.77334873e-02,  4.00675774e-01,  9.86999989e+00],
       [ 3.12623501e+00,  4.36112672e-01, -9.06293690e-01,
         1.39196310e-02,  4.22419190e-01,  9.92000008e+00],
       [ 3.08963680e+00,  4.23094928e-01, -9.10592139e-01,
         4.73532081e-02,  4.10584450e-01,  9.80000019e+00],
       [ 3.11056542e+00,  4.12856668e-01, -9.15537477e-01,
         2.84157097e-02,  4.01227593e-01,  9.69999981e+00],
       [ 3.15417480e+00,  4.21967685e-01, -9.12212610e-01,
        -1.14782033e-02,  4.09556329e-01,  9.73999977e+00],
       [ 3.08194232e+00,  4.29629236e-01, -9.07503366e-01,
         5.41971736e-02,  4.16533768e-01,  9.96000004e+00],
       [ 3.08364820e+00,  4.18491155e-01, -9.12169695e-01,
         5.29144034e-02,  4.06382293e-01,  9.64999962e+00],
       [ 3.12435293e+00,  4.09687042e-01, -9.17109191e-01,
         1.58122741e-02,  3.98322284e-01,  9.69999981e+00],
       [ 3.10841894e+00,  4.44031686e-01, -9.02530193e-01,
         2.99512669e-02,  4.29583669e-01,  9.89000034e+00],
       [ 3.12953186e+00,  4.50670540e-01, -9.00089800e-01,
         1.08563229e-02,  4.35569227e-01,  9.86999989e+00],
       [ 3.13732743e+00,  4.62945551e-01, -8.94732773e-01,
         3.81625607e-03,  4.46585536e-01,  1.00200005e+01],
       [ 3.14663243e+00,  4.15995419e-01, -9.14702892e-01,
        -4.60993964e-03,  4.04100657e-01,  9.64999962e+00],
       [ 3.07181668e+00,  4.36699927e-01, -9.03947353e-01,
         6.31763712e-02,  4.22951400e-01,  1.00000000e+01],
       [ 3.11052847e+00,  4.15041000e-01, -9.14658308e-01,
         2.84222569e-02,  4.03227448e-01,  9.80000019e+00],
       [ 3.09017301e+00,  4.64302391e-01, -8.92952383e-01,
         4.59558070e-02,  4.47799146e-01,  1.01300001e+01],
       [ 3.08016849e+00,  4.60948348e-01, -8.93941998e-01,
         5.49788103e-02,  4.44797665e-01,  9.92000008e+00],
       [ 3.13339710e+00,  4.27552819e-01, -9.09952700e-01,
         7.45772989e-03,  4.14645165e-01,  9.86999989e+00],
       [ 3.14250469e+00,  4.64578539e-01, -8.94010127e-01,
        -8.15371866e-04,  4.48046058e-01,  9.92000008e+00],
       [ 3.11861253e+00,  4.50093478e-01, -9.00168657e-01,
         2.06896309e-02,  4.35049713e-01,  1.01099997e+01],
       [ 3.13174057e+00,  4.10490394e-01, -9.16880786e-01,
         9.03347787e-03,  3.99059027e-01,  1.00600004e+01],
       [ 3.13174844e+00,  4.50782746e-01, -9.00062740e-01,
         8.86069797e-03,  4.35670227e-01,  1.02500000e+01],
       [ 3.08229423e+00,  4.31472719e-01, -9.06754315e-01,
         5.38322143e-02,  4.18208987e-01,  1.01599998e+01],
       [ 3.10385132e+00,  4.42200661e-01, -9.03168499e-01,
         3.41029800e-02,  4.27929491e-01,  9.97999954e+00],
       [ 3.11597633e+00,  4.30925906e-01, -9.08281267e-01,
         2.32719146e-02,  4.17712241e-01,  1.01300001e+01],
       [ 3.11794138e+00,  4.33268040e-01, -9.07344759e-01,
         2.14638598e-02,  4.19839114e-01,  1.01999998e+01],
       [ 3.12768221e+00,  4.31341082e-01, -9.08318043e-01,
         1.26359221e-02,  4.18089420e-01,  9.97000027e+00],
       [ 3.14539170e+00,  4.43003386e-01, -9.03461814e-01,
        -3.43231205e-03,  4.28654850e-01,  9.93999958e+00],
       [ 3.14255977e+00,  4.52242285e-01, -8.99469078e-01,
        -8.69888638e-04,  4.36983496e-01,  1.01899996e+01],
       [ 3.07388759e+00,  4.25637454e-01, -9.08689082e-01,
         6.16170280e-02,  4.12901431e-01,  9.78999996e+00],
       [ 3.10821795e+00,  4.27282959e-01, -9.09588218e-01,
         3.03685106e-02,  4.14399564e-01,  1.03500004e+01],
       [ 3.14243555e+00,  4.26471710e-01, -9.10430610e-01,
        -7.67399499e-04,  4.13661122e-01,  1.01199999e+01],
       [ 3.12054467e+00,  4.31001544e-01, -9.08346534e-01,
         1.91216841e-02,  4.17780966e-01,  1.01199999e+01],
       [ 3.09026551e+00,  4.27147090e-01, -9.08952713e-01,
         4.66949604e-02,  4.14275914e-01,  1.02299995e+01],
       [ 3.11596012e+00,  4.60711747e-01, -8.95442069e-01,
         2.29574740e-02,  4.44585770e-01,  1.00699997e+01],
       [ 3.11198306e+00,  4.46744561e-01, -9.01463032e-01,
         2.66997553e-02,  4.32031870e-01,  1.02500000e+01],
       [ 3.12653732e+00,  4.44089621e-01, -9.02899802e-01,
         1.35944821e-02,  4.29635972e-01,  1.02799997e+01],
       [ 3.07138300e+00,  4.20263886e-01, -9.10732031e-01,
         6.40474558e-02,  4.08001393e-01,  1.00400000e+01],
       [ 3.12107968e+00,  4.53892589e-01, -8.98558021e-01,
         1.84346810e-02,  4.38467294e-01,  1.01700001e+01],
       [ 3.07382464e+00,  4.60972160e-01, -8.93564701e-01,
         6.06479719e-02,  4.44819003e-01,  1.02600002e+01],
       [ 3.12524223e+00,  4.48394716e-01, -9.01023746e-01,
         1.47334300e-02,  4.33519512e-01,  1.00900002e+01],
       [ 3.11601615e+00,  4.30819869e-01, -9.08326447e-01,
         2.32368819e-02,  4.17615891e-01,  9.75000000e+00],
       [ 3.10932326e+00,  4.56957310e-01, -8.96931946e-01,
         2.89535001e-02,  4.41219658e-01,  1.04399996e+01],
       [ 3.11390090e+00,  4.61248428e-01, -8.95154238e-01,
         2.47947294e-02,  4.45066422e-01,  1.01499996e+01],
       [ 3.11170340e+00,  4.60838825e-01, -8.95279706e-01,
         2.67672185e-02,  4.44699585e-01,  1.03199997e+01],
       [ 3.10199428e+00,  4.52906251e-01, -8.98474276e-01,
         3.55967321e-02,  4.37580615e-01,  1.05600004e+01],
       [ 3.08849263e+00,  4.50997770e-01, -8.98744106e-01,
         4.77682389e-02,  4.35863763e-01,  1.07700005e+01],
       [ 3.15661740e+00,  4.44610804e-01, -9.02676225e-01,
        -1.35635054e-02,  4.30106550e-01,  1.02200003e+01],
       [ 3.10414720e+00,  4.39712644e-01, -9.04239714e-01,
         3.38755064e-02,  4.25679475e-01,  1.03900003e+01],
       [ 3.13373637e+00,  4.59574878e-01, -8.96213472e-01,
         7.04105012e-03,  4.43567127e-01,  1.03999996e+01],
       [ 3.06919456e+00,  4.12457228e-01, -9.13738668e-01,
         6.62687644e-02,  4.00861710e-01,  1.02600002e+01],
       [ 3.12522411e+00,  4.32414860e-01, -9.07834768e-01,
         1.48612577e-02,  4.19064611e-01,  1.04700003e+01],
       [ 3.12813973e+00,  4.22411978e-01, -9.12020206e-01,
         1.22700743e-02,  4.09961611e-01,  1.03000002e+01],
       [ 3.11568666e+00,  4.48510647e-01, -9.00791585e-01,
         2.33411249e-02,  4.33623970e-01,  1.04600000e+01],
       [ 3.09584069e+00,  4.57925439e-01, -8.96032989e-01,
         4.10238951e-02,  4.42088246e-01,  1.05299997e+01],
       [ 3.15380645e+00,  4.25619721e-01, -9.10715163e-01,
        -1.11238407e-02,  4.12885278e-01,  1.03299999e+01],
       [ 3.06488800e+00,  4.41388667e-01, -9.01500762e-01,
         6.92852363e-02,  4.27195460e-01,  1.04099998e+01],
       [ 3.07429790e+00,  4.45697963e-01, -9.00267720e-01,
         6.06749021e-02,  4.31087762e-01,  1.03699999e+01],
       [ 3.09735703e+00,  4.37138051e-01, -9.05080736e-01,
         4.00629453e-02,  4.23348367e-01,  1.02900000e+01],
       [ 3.13656998e+00,  4.56387550e-01, -8.97639036e-01,
         4.50858893e-03,  4.40708280e-01,  1.05600004e+01],
       [ 3.11316514e+00,  4.33549911e-01, -9.07113492e-01,
         2.57939305e-02,  4.20094907e-01,  1.08599997e+01],
       [ 3.10546517e+00,  4.14340943e-01, -9.14784491e-01,
         3.30632478e-02,  4.02586728e-01,  1.05299997e+01],
       [ 3.13594341e+00,  4.64123130e-01, -8.94200146e-01,
         5.05160540e-03,  4.47638869e-01,  1.06499996e+01],
       [ 3.15246272e+00,  4.12316084e-01, -9.16141033e-01,
        -9.95890703e-03,  4.00732398e-01,  1.07100000e+01],
       [ 3.12346268e+00,  4.24535811e-01, -9.11080301e-01,
         1.65196750e-02,  4.11897838e-01,  1.05400000e+01],
       [ 3.14671302e+00,  4.16446328e-01, -9.14520264e-01,
        -4.68271831e-03,  4.04513061e-01,  1.03500004e+01],
       [ 3.08942676e+00,  4.65732455e-01, -8.92277420e-01,
         4.65887226e-02,  4.49077368e-01,  1.02700005e+01]], dtype=float32), 'mirror': False}
2026-05-14 22:37:56,239 INFO end time: 2026-05-14 22:37:56.239556

